76005331 5373485
38781746 15964903
80255349 63213278
57394684 37611061
76010944 16120453
5373506 83885221
76010871 37614395
47159645 94626494
23983392 83893903
15783571 90841400
33719398 68586213
15628355 5373486
56467836 89254729
66701931 21490706
5373506 73138191
14680955 78512173
66701935 32237753
65776022 83879544
25841984 94626479
85318598 53733783
84391146 94626516
52332726 79335072
94626478 80602760
33723849 47018571
61640023 63213627
94626515 37614603
94626515 26867573
36959848 5373487
94626482 5373514
24050780 40863606
43026200 63211678
48044195 32161842
14680982 35456838
38692693 26712508
85318634 42986815
5373518 8588621
52333675 57838758
33714723 79333246
33719157 57838011
5373487 40829724
84391150 83879546
5373551 19335657
52332326 68586936
70947586 57840862
76010906 26867424
14681018 24709866
48044346 21414817
94626515 48361633
85315899 10741329
57394842 16117121
43007772 52432552
94626479 91349803
19818044 15270146
14680849 56950676
75083588 78506780
61641238 52465816
94626515 16120544
5373487 30082693
94626475 59108675
75083580 89253752
57127173 5373485
61639376 73960597
5373519 51576756
85318703 21492877
52333737 47091787
66701850 42984810
26294101 6692822
43025653 73961326
43020998 84708337
14661155 67730992
76010835 48361365
29115119 20661045
33764950 36264276
85318668 32239846
66566253 10512812
23968681 62357478
24007357 30116680
5373485 62323786
94626477 69855717
84391148 73132577
14714186 46203757
23968333 73104508
65776014 94626514
36500815 93252498
43049949 41677936
57394723 26864090
70946941 68587833
47043510 9090836
24007243 51610533
5725162 94626488
